Commits, Branches, Releases, Contributors, Watch, Star, Fork, Issues, Pull, Open issues, Closed issues,
4630, 0, 0, 67, 11, 14, 8, 4, 0, 4, 0,